9.710144927536231707e-01
9.660883843792389403e-01
9.373422741365635691e-01
9.378232081581363566e-01
9.558823529411765163e-01
9.056694119900402518e-01
9.649525558616467436e-01
9.128356850250340937e-01
9.072617710141966940e-01
9.404501044056611248e-01
9.640510656482025320e-01
9.401015759987434439e-01
9.355427023083736637e-01
9.352214998289068992e-01
9.399505289195305702e-01
9.546223820605035382e-01
9.258222533240028085e-01
9.259689022975168271e-01
9.400031411967959549e-01
9.592305637189419976e-01
9.536917098445595320e-01
9.487262521588946118e-01
9.494458177178853875e-01
9.694918838893882285e-01
9.646192292516112543e-01
9.897697533638214473e-01
9.647194304857621416e-01
9.696462214779150157e-01
9.650497448322078453e-01
9.648010719439290561e-01
9.797979797979797789e-01
9.751987599379968730e-01
9.230674876726443490e-01
9.422338189461476610e-01
9.154794038258420308e-01
9.237462235649547271e-01
9.471853104614641472e-01
9.851968040782315139e-01
9.342707497758694357e-01
9.332047894498798346e-01
9.264152234923677121e-01
9.399214689393767808e-01
9.390523283507610230e-01
9.260033256932272971e-01
9.537430714778620811e-01
9.210691823899370689e-01
9.393946168291156251e-01
9.625324152731825622e-01
9.448356807511737454e-01
9.286752163750079392e-01
9.211847904068873882e-01
9.256631085233705258e-01
9.089621973665581445e-01
9.258754707909288006e-01
9.100842959725257142e-01
9.184549356223176142e-01
9.270386266094420291e-01
9.565624451422887198e-01
9.528965890633459557e-01
9.525196621031167821e-01
9.489104940606793992e-01
9.329268292682927344e-01
9.460743275215666159e-01
9.468183270042942468e-01
9.357629427792915067e-01
9.589586776859504447e-01
9.795422321247720943e-01
9.158086008479708884e-01
9.640721397352352007e-01
9.340467781297843164e-01
9.425618735030604212e-01
9.327798488066417759e-01
9.507934410827791893e-01
9.356005067687795940e-01
9.222243507293177434e-01
9.179581662512192874e-01
8.955915844268517167e-01
8.918653541126413398e-01
9.043847065427556009e-01
9.220481467329002534e-01
9.512512739214131763e-01
8.756426560580863327e-01
9.651284411346330305e-01
9.692023093185884175e-01
9.051014810751508710e-01
9.635184663095573976e-01
9.463483809974001515e-01
8.526693544814142323e-01
8.494917630564318145e-01
9.129229733113446432e-01
8.679991883116883189e-01
9.279869067103109215e-01
9.034678482199888228e-01
8.706481466368518607e-01
8.298517271121699235e-01
8.519216823785351611e-01
8.316686535425460436e-01
9.183284284873455272e-01
9.261903409782334951e-01
9.350962494926907675e-01
8.061748482082622402e-01
9.444706073400455093e-01
9.225925168677162613e-01
9.208403067469337344e-01
8.166484370502561374e-01
9.148369262025495274e-01
9.064080591899009720e-01
9.021068152850323374e-01
9.314397398584925991e-01
9.333090915387478592e-01
8.823663253697383579e-01
8.909273553981178484e-01
7.687118620154491655e-01
7.480035730236712643e-01
8.235272865220297778e-01
9.256661991584852478e-01
8.194553109049588224e-01
7.708934532903298775e-01
7.735978112175102561e-01
7.256698490914690325e-01
8.324031564541334305e-01
8.974621666715452140e-01
8.150488282220169634e-01
7.524712364284557031e-01
7.364983467363350744e-01
7.592766461199330630e-01
7.730854469342526292e-01
8.697688751926040407e-01
7.865856223446767714e-01
7.500239859282554766e-01
7.521653438448836493e-01
7.785778965978180644e-01
8.017039127285308098e-01
7.801608579088471496e-01
7.726849697533736405e-01
8.411088573360379073e-01
7.947882736156351990e-01
8.168650119007140331e-01
8.564523317068711838e-01
8.488027051273203671e-01
8.139815004204450366e-01
8.318830490776192299e-01
9.602511903940377236e-01
8.831019714558001610e-01
8.719379422972237670e-01
8.444795385882999383e-01
8.726650762929288874e-01
8.927186557518310694e-01
8.756632038878238156e-01
9.109189623969434768e-01
9.124579124579124123e-01
9.548611111111111605e-01
8.844797178130511250e-01
9.615612446014496495e-01
9.252729862319987175e-01
9.493046928225062908e-01
9.466361482873392186e-01
9.108770268670848269e-01
9.882352941176471006e-01
9.723741637919532943e-01
9.528600011219356958e-01
9.663334797891036665e-01
9.179193827324730881e-01
9.357536256071958825e-01
9.606147934678194167e-01
9.429925547469790725e-01
9.627801561319566659e-01
9.081081081081081585e-01
9.249393146496012186e-01
9.558364034883178872e-01
9.283535905026852886e-01
9.573607128905530228e-01
9.656188324132605194e-01
9.763984545607257148e-01
9.642453287383555560e-01
9.474350730305376445e-01
9.724778961686691980e-01
9.582684502479628108e-01
9.586446503287507914e-01
9.545151024778771864e-01
9.187142609599723286e-01
9.506807029119122010e-01
9.218393795572953353e-01
9.227826918479560270e-01
9.460131170176043769e-01
9.374682492033435954e-01
9.469031602270521208e-01
9.454084175236714405e-01
9.833870048943813558e-01
9.535145003862088853e-01
9.514844148024640402e-01
9.582642472027363967e-01
9.597416963137911372e-01
9.566745922895867338e-01
9.595560733337421544e-01
8.846282613715077403e-01
9.095212821122885538e-01
9.074804624104266804e-01
9.373584300519173240e-01
9.268244816198365488e-01
9.052404207362885202e-01
8.292618859994747016e-01
9.230336024028533704e-01
9.459386330429135903e-01
8.916155419222904221e-01
8.627343191688197077e-01
9.165969689873205706e-01
8.332651546141841559e-01
8.207075384330431156e-01
8.540507312022777020e-01
8.783692195401699987e-01
8.687060167752992390e-01
9.012754029432376024e-01
8.223320732771154384e-01
8.519223230420607251e-01
8.757751136833402672e-01
9.102413274544506328e-01
8.569530558015943100e-01
8.807988487438345171e-01
8.633333333333332860e-01
8.572244839654310500e-01
8.903622168181236640e-01
8.980922876243273567e-01
9.562311468622464172e-01
8.840015927956627051e-01
9.152072852321212482e-01
8.123770948900824740e-01
7.143936214855224343e-01
6.712074035633973645e-01
8.449919524575956187e-01
8.513937282229965264e-01
7.948997681712804964e-01
8.387787895018746775e-01
9.393361559096344848e-01
9.206951244741742313e-01
9.199019501820410172e-01
9.072718399219131813e-01
9.169965215305265760e-01
9.069856540802860856e-01
8.865917474478853810e-01
8.794942710391149276e-01
8.824390704704326849e-01
8.926238092863199025e-01
8.955129555508742900e-01
9.006112746207833863e-01
8.877518725603966709e-01
8.705835649067089621e-01
8.681699913269731450e-01
8.899380571083245206e-01
8.964791695890026446e-01
9.171866137266023733e-01
8.735303812767827303e-01
8.717573704872604301e-01
8.906600249066002339e-01
8.566500574932924827e-01
9.073603452409494396e-01
8.594840667678300683e-01
8.633540372670807095e-01
9.187986651835372554e-01
8.675445391169636089e-01
8.441871683550410399e-01
8.954149298976885607e-01
8.395802098950524428e-01
8.989046959587058128e-01
8.822218921728798291e-01
8.480034349506225810e-01
9.128953771289537444e-01
8.747718978102190235e-01
8.017967434025827789e-01
7.977493917274939284e-01
8.214747736093143127e-01
8.814212918330808222e-01
8.833443928334439033e-01
8.604329222250188813e-01
9.136672539642587410e-01
8.255126868265554307e-01
9.524561057407773257e-01
8.973341796255157599e-01
9.564271633471551626e-01
8.782209276271566445e-01
9.082568807339449490e-01
9.498481053136491603e-01
9.499999999999999556e-01
9.079254079254078791e-01
9.249420462377043739e-01
9.300021537798837112e-01
8.886397608370703027e-01
9.065854366115462248e-01
8.571918199474466427e-01
8.231997758475763094e-01
7.402467489163054859e-01
7.786589762076423504e-01
9.157568238213399381e-01
9.096422073984232748e-01
8.801111039338543884e-01
9.256362119315811876e-01
9.614191787619401630e-01
9.705709036708377591e-01
9.511456982274102412e-01
9.526504729712024222e-01
9.123973305954825586e-01
8.866500806517757516e-01
8.852916245112247839e-01
8.516542155816435589e-01
8.735217532819788966e-01
8.760646429351386377e-01
8.215674586278349789e-01
9.080939947780678478e-01
8.789819845581927638e-01
8.671340678208613317e-01
8.799686265721728962e-01
8.423986437950751194e-01
8.355373332563377220e-01
8.754144664128699072e-01
8.717102274448045307e-01
9.105731844976796552e-01
8.521385717050512509e-01
8.760548347286615245e-01
9.184818481848184835e-01
9.118618669754452455e-01
9.119902286761213395e-01
8.763660486714849318e-01
8.462100901779185946e-01
8.445945945945946276e-01
8.818654708520179408e-01
8.528809593448376525e-01
8.769224998124390824e-01
8.208235162122742290e-01
9.464058643129628079e-01
8.954468802698144492e-01
8.737064009198927117e-01
8.937666653785214521e-01
9.379400561732907926e-01
8.585869931483769424e-01
9.170635071812259786e-01
8.797107391806762156e-01
8.442688045985704548e-01
8.760722429331500027e-01
8.193166151209151371e-01
8.523060717778948581e-01
8.805400869631551108e-01
8.807339449541284893e-01
8.500486854917235213e-01
8.992891881780770147e-01
8.237585199610516495e-01
8.432254196642685606e-01
8.100672662686115855e-01
8.866572659019017477e-01
8.391974846533912791e-01
8.330817989737397955e-01
8.489208633093525691e-01
9.038792780648543523e-01
8.118004998370096370e-01
8.636263250883392528e-01
8.550193881947436569e-01
8.004598875830352123e-01
8.850105716087391938e-01
8.677759619670182278e-01
8.198352412538782996e-01
8.182624768946396010e-01
8.959054209919261602e-01
9.001570563159075888e-01
8.415249486077368557e-01
8.820000000000000062e-01
8.650159744408946194e-01
8.856372737774355075e-01
8.684252597921662264e-01
8.447105788423153738e-01
8.678881388621022541e-01
8.478900883218841722e-01
7.948969578017663906e-01
8.885327349947912401e-01
9.059519894771457249e-01
8.666447151794534065e-01
8.483866949046966477e-01
8.206896551724137678e-01
8.879736408566721861e-01
8.674821610601427535e-01
8.417854928704278095e-01
8.952191719719394536e-01
8.991769547325102474e-01
9.124400706535452654e-01
9.418181818181817766e-01
9.196536796536796121e-01
8.771929824561403022e-01
9.051484725486007576e-01
9.050784365860143899e-01
8.891544666865850433e-01
9.061488673139158623e-01
9.104452628054904295e-01
9.347977079354053975e-01
8.869084204056545406e-01
8.226140283633576189e-01
8.508287292817680036e-01
9.321577484364141908e-01
8.631301289566236656e-01
9.153359445616149337e-01
9.059957818620065773e-01
8.990020646937371129e-01
9.055862184311758156e-01
8.451536643026005269e-01
8.583485946333306860e-01
9.156923076923076943e-01
9.058754009792334694e-01
8.782372769875852470e-01
9.046235138705416290e-01
8.896299680219278416e-01
8.989303346132748729e-01
9.487865645473839704e-01
8.358008075370121359e-01
8.932317346481398745e-01
8.770072665291109848e-01
8.396878083789360847e-01
8.450874831763122152e-01
8.729475100942126753e-01
8.651613493006673483e-01
8.636608344549124849e-01
8.672387456195524980e-01
8.591537701679289318e-01
8.925688073394495436e-01
8.833928571428570908e-01
9.064381658175081347e-01
9.011253647015236012e-01
9.248035914702581461e-01
8.479787521382912141e-01
9.030837004405286583e-01
8.274046013120206489e-01
8.340888485947416386e-01
8.640334910811794389e-01
8.394681144750161250e-01
8.283046637843805016e-01
8.060938126419885386e-01
8.810561056105610245e-01
8.385555896402121512e-01
8.731761112996266894e-01
9.034928848641655685e-01
9.085699400885647314e-01
9.071107982046994200e-01
8.470588235294117530e-01
8.494831757202551126e-01
