1.000000000000000000e+00
1.000000000000000000e+00
1.000000000000000000e+00
1.000000000000000000e+00
1.000000000000000000e+00
1.000000000000000000e+00
1.000000000000000000e+00
1.000000000000000000e+00
1.000000000000000000e+00
1.000000000000000000e+00
1.000000000000000000e+00
1.000000000000000000e+00
1.000000000000000000e+00
1.000000000000000000e+00
1.000000000000000000e+00
1.000000000000000000e+00
1.000000000000000000e+00
1.000000000000000000e+00
1.000000000000000000e+00
1.000000000000000000e+00
1.000000000000000000e+00
1.000000000000000000e+00
1.000000000000000000e+00
1.000000000000000000e+00
1.000000000000000000e+00
1.000000000000000000e+00
1.000000000000000000e+00
9.977272727272726849e-01
9.977272727272726849e-01
9.954545454545454808e-01
9.863636363636363313e-01
9.659090909090909394e-01
9.477272727272727515e-01
8.886363636363636687e-01
7.931818181818182101e-01
6.681818181818182101e-01
5.000000000000000000e-01
2.999999999999999889e-01
1.454545454545454475e-01
1.818181818181818094e-02
0.000000000000000000e+00
0.000000000000000000e+00
