1.000000000000000000e+00
1.500000000000000000e+00
3.640054944640259027e+00
3.500000000000000000e+00
2.500000000000000000e+00
7.071067811865475505e+00
2.061552812808830293e+00
4.527692569068708650e+00
4.924428900898051964e+00
4.301162633521313339e+00
1.118033988749894903e+00
4.123105625617660586e+00
4.031128874149274566e+00
4.031128874149274566e+00
4.242640687119284770e+00
3.041381265149109669e+00
5.408326913195984353e+00
5.408326913195984353e+00
4.301162633521313339e+00
3.162277660168379523e+00
2.692582403567251870e+00
3.162277660168379523e+00
3.535533905932737753e+00
1.414213562373095145e+00
1.802775637731994562e+00
7.071067811865475727e-01
2.061552812808830293e+00
1.414213562373095145e+00
1.500000000000000000e+00
1.802775637731994562e+00
1.000000000000000000e+00
1.500000000000000000e+00
3.162277660168379523e+00
4.301162633521313339e+00
6.519202405202649153e+00
4.527692569068708650e+00
3.640054944640259027e+00
1.118033988749894903e+00
2.121320343559642385e+00
2.236067977499789805e+00
7.071067811865475727e-01
4.031128874149274566e+00
5.500000000000000000e+00
3.535533905932737753e+00
1.581138830084189761e+00
3.041381265149109669e+00
2.692582403567251870e+00
7.071067811865475727e-01
1.000000000000000000e+00
3.535533905932737753e+00
5.522680508593630577e+00
6.800735254367721971e+00
7.017834423809099498e+00
5.590169943749474513e+00
8.732124598286489459e+00
5.590169943749474513e+00
4.609772228646443537e+00
3.535533905932737753e+00
3.201562118716424266e+00
2.500000000000000000e+00
2.915475947422650371e+00
1.581138830084189761e+00
1.802775637731994562e+00
1.802775637731994562e+00
5.700877125495689590e+00
7.071067811865475727e-01
1.118033988749894903e+00
7.106335201775947574e+00
3.354101966249684708e+00
4.031128874149274566e+00
5.408326913195984353e+00
6.403124237432848531e+00
3.905124837953326988e+00
6.500000000000000000e+00
7.017834423809099498e+00
8.139410298049853054e+00
1.118033988749894903e+01
1.140175425099137918e+01
1.123610252712211555e+01
8.139410298049853054e+00
4.924428900898051964e+00
1.637833935415919839e+01
2.692582403567251870e+00
2.061552812808830293e+00
1.346291201783625979e+01
3.605551275463989125e+00
2.061552812808830293e+00
2.551960031034969134e+01
2.316246964380093942e+01
1.258967831201417198e+01
1.855397531527947308e+01
8.276472678623424173e+00
1.470544116985274208e+01
2.039607805437113797e+01
2.754087870784082170e+01
2.319482700948640286e+01
2.607680962081059661e+01
9.552486587271399543e+00
7.810249675906653977e+00
7.071067811865475505e+00
3.314362683835310008e+01
6.946221994724901982e+00
8.139410298049853054e+00
7.905694150420948141e+00
2.947032405658275067e+01
6.403124237432848531e+00
7.382411530116700149e+00
1.012422836565829343e+01
8.514693182963201323e+00
8.139410298049853054e+00
1.365650028374766300e+01
1.523154621172781731e+01
3.520298282816386859e+01
3.913118960624631626e+01
1.855397531527947308e+01
6.363961030678927600e+00
2.277059507347140155e+01
3.274522866006588373e+01
3.083018001893599092e+01
4.004996878900157498e+01
1.806239186818844189e+01
5.852349955359812839e+00
2.313547060251854859e+01
2.971952220342716089e+01
3.164253466459348019e+01
3.014962686336266984e+01
3.263816784073517852e+01
1.662077013859466135e+01
3.132491021535416920e+01
3.752998800959041148e+01
3.756660751252367447e+01
3.268791825736230550e+01
3.053686296920493959e+01
2.692582403567251959e+01
3.363406011768427817e+01
1.882817038376273189e+01
2.570992026436488231e+01
1.913765920900463868e+01
1.589024858207070423e+01
2.050609665440987683e+01
2.466779276708802016e+01
1.811077027627483460e+01
1.581138830084189761e+00
1.550806241927082318e+01
1.300000000000000000e+01
1.668831926827863654e+01
1.824828759089465890e+01
1.607015867998819658e+01
1.450861812854690847e+01
1.308625232830240037e+01
1.104536101718726115e+01
4.743416490252569062e+00
1.253993620398445330e+01
4.301162633521313339e+00
8.514693182963201323e+00
1.802775637731994562e+00
3.640054944640259027e+00
1.300000000000000000e+01
2.000000000000000000e+00
1.118033988749894903e+00
2.692582403567251870e+00
2.061552812808830293e+00
5.700877125495689590e+00
5.099019513592784492e+00
1.581138830084189761e+00
2.236067977499789805e+00
4.031128874149274566e+00
9.013878188659973034e+00
7.632168761236873600e+00
5.099019513592784492e+00
6.264982043070833839e+00
7.071067811865475727e-01
3.041381265149109669e+00
3.041381265149109669e+00
3.162277660168379523e+00
7.632168761236873600e+00
3.500000000000000000e+00
4.500000000000000000e+00
3.201562118716424266e+00
5.500000000000000000e+00
9.708243919473799721e+00
7.433034373659253013e+00
1.520690632574554968e+01
1.079351657246145102e+01
7.516648189186454054e+00
1.303840481040529831e+01
6.576473218982952673e+00
1.110180165558725918e+01
2.500000000000000000e+00
9.013878188659973034e+00
9.000000000000000000e+00
4.031128874149274566e+00
5.024937810560444973e+00
5.000000000000000000e+00
2.549509756796392246e+00
3.905124837953326988e+00
4.031128874149274566e+00
5.700877125495689590e+00
7.433034373659253013e+00
6.964194138592059602e+00
4.031128874149274566e+00
2.039607805437113797e+01
7.762087348130012110e+00
4.609772228646443537e+00
1.400892572612190001e+01
1.030776406404415191e+01
7.211102550927978250e+00
1.767766952966368876e+01
2.011218536111876531e+01
1.553222456700906662e+01
1.350925608610629602e+01
1.365650028374766300e+01
1.513274595042155646e+01
1.453444185374863373e+01
1.411559421349310384e+01
8.139410298049853054e+00
5.099019513592784492e+00
9.340770846134702765e+00
6.020797289396147889e+00
9.124143795447329452e+00
9.823441352194249632e+00
6.500000000000000000e+00
7.211102550927978250e+00
1.414213562373095145e+00
4.609772228646443537e+00
6.576473218982952673e+00
1.677050983124842176e+01
2.934706118165837907e+01
4.015283302582770375e+01
1.140175425099137918e+01
5.590169943749474513e+00
1.252996408614166768e+01
6.519202405202649153e+00
4.031128874149274566e+00
3.162277660168379523e+00
2.828427124746190291e+00
4.301162633521313339e+00
2.121320343559642385e+00
4.031128874149274566e+00
2.692582403567251870e+00
2.500000000000000000e+00
4.609772228646443537e+00
4.031128874149274566e+00
5.522680508593630577e+00
3.640054944640259027e+00
3.640054944640259027e+00
1.414213562373095145e+00
4.031128874149274566e+00
3.201562118716424266e+00
2.549509756796392246e+00
2.236067977499789805e+00
7.071067811865475727e-01
4.242640687119284770e+00
3.000000000000000000e+00
2.549509756796392246e+00
3.807886552931954327e+00
3.535533905932737753e+00
6.708203932499369415e+00
2.236067977499789805e+00
4.924428900898051964e+00
5.000000000000000000e-01
5.315072906367324990e+00
2.915475947422650371e+00
1.802775637731994562e+00
4.949747468305832676e+00
3.605551275463989125e+00
7.071067811865475727e-01
1.581138830084189761e+00
1.414213562373095145e+00
7.071067811865475727e-01
3.162277660168379523e+00
4.743416490252569062e+00
1.581138830084189761e+00
2.061552812808830293e+00
2.915475947422650371e+00
1.000000000000000000e+00
1.581138830084189761e+00
2.549509756796392246e+00
1.118033988749894903e+00
2.000000000000000000e+00
2.692582403567251870e+00
1.118033988749894903e+00
1.500000000000000000e+00
2.500000000000000000e+00
2.000000000000000000e+00
3.640054944640259027e+00
4.031128874149274566e+00
3.000000000000000000e+00
5.024937810560444973e+00
3.201562118716424266e+00
4.527692569068708650e+00
2.692582403567251870e+00
1.500000000000000000e+00
1.118033988749894903e+00
1.581138830084189761e+00
3.354101966249684708e+00
2.121320343559642385e+00
1.581138830084189761e+00
1.581138830084189761e+00
2.061552812808830293e+00
1.154339638061519580e+01
6.708203932499369415e+00
7.106335201775947574e+00
8.732124598286489459e+00
7.632168761236873600e+00
7.433034373659253013e+00
1.044030650891055068e+01
5.024937810560444973e+00
5.852349955359812839e+00
8.902246907382428631e+00
1.059481005020854560e+01
9.604686356149272797e+00
8.485281374238569541e+00
6.964194138592059602e+00
6.946221994724901982e+00
1.500000000000000000e+00
8.246211251235321171e+00
6.708203932499369415e+00
6.800735254367721971e+00
4.716990566028301579e+00
4.716990566028301579e+00
6.500000000000000000e+00
8.321658488546619381e+00
8.077747210701755165e+00
6.020797289396147889e+00
7.615773105863908654e+00
6.264982043070833839e+00
9.604686356149272797e+00
4.609772228646443537e+00
4.000000000000000000e+00
5.024937810560444973e+00
5.408326913195984353e+00
3.201562118716424266e+00
6.964194138592059602e+00
4.301162633521313339e+00
6.264982043070833839e+00
8.062257748298549132e+00
7.071067811865475505e+00
9.617692030835671702e+00
7.615773105863908654e+00
6.041522986797286165e+00
6.500000000000000000e+00
7.158910531638176700e+00
5.220153254455275338e+00
8.631338250816034119e+00
7.017834423809099498e+00
9.055385138137417300e+00
5.385164807134503739e+00
8.139410298049853054e+00
9.013878188659973034e+00
7.017834423809099498e+00
4.924428900898051964e+00
1.012422836565829343e+01
6.500000000000000000e+00
7.071067811865475505e+00
1.068877916321597432e+01
6.082762530298219339e+00
6.946221994724901982e+00
1.000000000000000000e+01
9.708243919473799721e+00
5.408326913195984353e+00
6.708203932499369415e+00
9.219544457292887074e+00
5.024937810560444973e+00
6.103277807866851035e+00
4.301162633521313339e+00
4.716990566028301579e+00
6.964194138592059602e+00
3.201562118716424266e+00
5.500000000000000000e+00
8.500000000000000000e+00
5.700877125495689590e+00
4.609772228646443537e+00
5.000000000000000000e+00
6.964194138592059602e+00
7.017834423809099498e+00
3.162277660168379523e+00
5.024937810560444973e+00
6.082762530298219339e+00
4.472135954999579610e+00
4.743416490252569062e+00
3.535533905932737753e+00
1.802775637731994562e+00
3.354101966249684708e+00
6.363961030678927600e+00
5.408326913195984353e+00
4.031128874149274566e+00
3.535533905932737753e+00
4.301162633521313339e+00
4.472135954999579610e+00
3.201562118716424266e+00
5.408326913195984353e+00
7.826237921249264318e+00
4.609772228646443537e+00
2.500000000000000000e+00
5.522680508593630577e+00
2.549509756796392246e+00
3.041381265149109669e+00
4.472135954999579610e+00
2.692582403567251870e+00
7.615773105863908654e+00
4.609772228646443537e+00
6.670832032063167105e+00
9.000000000000000000e+00
1.159741350474320143e+01
3.041381265149109669e+00
5.147815070493500400e+00
3.905124837953326988e+00
2.692582403567251870e+00
6.324555320336759046e+00
4.031128874149274566e+00
4.031128874149274566e+00
6.020797289396147889e+00
5.500000000000000000e+00
4.123105625617660586e+00
4.527692569068708650e+00
4.609772228646443537e+00
5.590169943749474513e+00
3.354101966249684708e+00
4.716990566028301579e+00
6.403124237432848531e+00
3.162277660168379523e+00
4.301162633521313339e+00
3.605551275463989125e+00
6.519202405202649153e+00
3.041381265149109669e+00
1.029563014098700080e+01
9.861541461658010377e+00
8.062257748298549132e+00
8.514693182963201323e+00
8.514693182963201323e+00
9.924716620639603804e+00
6.020797289396147889e+00
7.826237921249264318e+00
5.099019513592784492e+00
4.743416490252569062e+00
5.000000000000000000e+00
4.609772228646443537e+00
7.433034373659253013e+00
7.280109889280518054e+00
