0.000000000000000000e+00
0.000000000000000000e+00
2.045454545454545442e-02
5.681818181818181629e-02
1.090909090909090856e-01
1.477272727272727348e-01
2.022727272727272707e-01
2.659090909090909283e-01
3.159090909090909172e-01
3.909090909090909283e-01
4.545454545454545303e-01
5.090909090909090384e-01
5.477272727272727293e-01
5.863636363636363091e-01
6.431818181818181879e-01
6.886363636363636020e-01
7.159090909090909394e-01
7.454545454545454808e-01
7.659090909090908728e-01
7.863636363636363757e-01
8.068181818181817677e-01
8.204545454545454364e-01
8.272727272727272707e-01
8.409090909090909394e-01
8.454545454545454586e-01
8.454545454545454586e-01
8.522727272727272929e-01
8.636363636363636465e-01
8.704545454545454808e-01
8.750000000000000000e-01
8.818181818181818343e-01
8.886363636363636687e-01
8.954545454545455030e-01
9.000000000000000222e-01
9.068181818181818565e-01
9.068181818181818565e-01
9.090909090909090606e-01
9.159090909090908950e-01
9.227272727272727293e-01
9.250000000000000444e-01
9.250000000000000444e-01
9.318181818181817677e-01
9.340909090909090828e-01
9.340909090909090828e-01
9.340909090909090828e-01
9.340909090909090828e-01
9.363636363636363980e-01
9.431818181818182323e-01
9.431818181818182323e-01
9.431818181818182323e-01
9.454545454545454364e-01
9.454545454545454364e-01
9.499999999999999556e-01
9.522727272727272707e-01
9.545454545454545858e-01
9.545454545454545858e-01
9.568181818181817899e-01
9.568181818181817899e-01
9.568181818181817899e-01
9.613636363636363091e-01
9.636363636363636243e-01
9.659090909090909394e-01
9.704545454545454586e-01
9.727272727272727737e-01
9.749999999999999778e-01
9.749999999999999778e-01
9.818181818181818121e-01
9.840909090909091272e-01
9.863636363636363313e-01
9.863636363636363313e-01
9.863636363636363313e-01
9.886363636363636465e-01
9.886363636363636465e-01
9.886363636363636465e-01
9.886363636363636465e-01
9.886363636363636465e-01
9.931818181818181657e-01
9.931818181818181657e-01
9.931818181818181657e-01
9.954545454545454808e-01
9.954545454545454808e-01
1.000000000000000000e+00
1.000000000000000000e+00
1.000000000000000000e+00
1.000000000000000000e+00
1.000000000000000000e+00
1.000000000000000000e+00
1.000000000000000000e+00
1.000000000000000000e+00
1.000000000000000000e+00
